- - INTER SECTION OPENED section scheme_name: objs.1 section size: 844
BLOCK OPENED block size: 1 00000001  BLOCK CLOSED
BLOCK OPENED block size: 4 00000001 00000000 00000000 00000000
 BLOCK CLOSED
BLOCK OPENED block size: 4 00000000 00000000 00000000 00000000
 BLOCK CLOSED
BLOCK OPENED block size: 4 00000100 00000000 00000000 00000000
 BLOCK CLOSED
- - - INTER SECTION OPENED section scheme_name: objs.1.1 section size: 749
BLOCK OPENED block size: 1 00000000  BLOCK CLOSED
BLOCK OPENED block size: 4 11100011 00000010 00000000 00000000
 BLOCK CLOSED
BLOCK OPENED block size: 739
00000000 00000000 00000000 00000000
00000000 00000000 11100000 00111111
10101010 01001100 01011000 11101000
01111010 10110110 11101011 00111111
00000000 00000000 00000000 00000000 ::coord_centerX 388
00000000 01000000 01111000 01000000 ::coord_centerX 388
10101010 01001100 01011000 11101000
01111010 10110110 11101011 10111111
00000000 00000000 00000000 00000000
00000000 00000000 11100000 00111111
00000000 00000000 00000000 00000000 ::coord_centerY 300
00000000 11000000 01110010 01000000 ::coord_centerY 300
00000000 00000000 00000000 00000000
00000000 00000000 00000000 00000000
00000000 00000000 00000000 00000000
00000000 00000000 00000000 00000000
00000000 00000000 00000000 00000000 ::reserved(scale) 1
00000000 00000000 11110000 00111111 ::reserved(scale) 1
00000000 00000000 00000000 00000000 ::angle 300
00000000 11000000 01110010 01000000 ::angle 300
00000000 00000000 00000000 00000000
00000000 00000000 00000000 00000000
00000000 00000000 00000000 00000000
00000000 00000000 00000000 00000000
00000000 00000000 00000000 00000000
00000000 00000000 00000000 00000000
00000000 00000000 00000000 00000000
00000000 10000000 01101111 11000000
00000000 00000000 00000000 00000000
00000000 00000000 01011111 11000000
00000000 00000000 00000000 00000000 ::reserved(scale) 1
00000000 00000000 11110000 00111111 ::reserved(scale) 1
00000000 00000000 00000000 00000000
00000000 10000000 01101111 01000000
00000000 00000000 00000000 00000000
00000000 00000000 01011111 11000000
00000000 00000000 00000000 00000000 ::reserved(scale) 1
00000000 00000000 11110000 00111111 ::reserved(scale) 1
00000000 00000000 00000000 00000000
00000000 10000000 01101111 01000000
00000000 00000000 00000000 00000000
00000000 00000000 01011111 01000000
00000000 00000000 00000000 00000000 ::reserved(scale) 1
00000000 00000000 11110000 00111111 ::reserved(scale) 1
00000000 00000000 00000000 00000000
00000000 10000000 01101111 11000000
00000000 00000000 00000000 00000000
00000000 00000000 01011111 01000000
00000000 00000000 00000000 00000000 ::reserved(scale) 1
00000000 00000000 11110000 00111111 ::reserved(scale) 1
00000000 00000000 00000000 00000000
00000000 00000000 00000000 00000000
00000000 00000000 00000000 00000000
00000000 00000000 01011111 11000000
00000000 00000000 00000000 00000000 ::reserved(scale) 1
00000000 00000000 11110000 00111111 ::reserved(scale) 1
00000000 00000000 00000000 00000000
00000000 10000000 01101111 01000000
00000000 00000000 00000000 00000000
00000000 00000000 00000000 00000000
00000000 00000000 00000000 00000000 ::reserved(scale) 1
00000000 00000000 11110000 00111111 ::reserved(scale) 1
00000000 00000000 00000000 00000000
00000000 00000000 00000000 00000000
00000000 00000000 00000000 00000000
00000000 00000000 01011111 01000000
00000000 00000000 00000000 00000000 ::reserved(scale) 1
00000000 00000000 11110000 00111111 ::reserved(scale) 1
00000000 00000000 00000000 00000000
00000000 10000000 01101111 11000000
00000000 00000000 00000000 00000000
00000000 00000000 00000000 00000000
00000000 00000000 00000000 00000000 ::reserved(scale) 1
00000000 00000000 11110000 00111111 ::reserved(scale) 1
00000000 00000000 00000000 00000000
00000000 00000000 00000000 00000000
00000000 00000000 00000000 00000000
00000000 00000000 00000000 00000000
00000000 00000000 00000000 00000000 ::reserved(scale) 1
00000000 00000000 11110000 00111111 ::reserved(scale) 1
00000000 00000000 00000000 00000000
00000000 11000000 01101011 01000000
00000000 00000000 00000000 00000000
00000000 01000000 01010010 01000000
00000000 00000000 00000000 00000000 ::reserved(scale) 1
00000000 00000000 11110000 00111111 ::reserved(scale) 1
00000000 00000000 00000000 00000000
00000000 01010000 10000001 01000000
00000000 00000000 00000000 00000000
00000000 01000000 01010010 01000000
00000000 00000000 00000000 00000000 ::reserved(scale) 1
00000000 00000000 11110000 00111111 ::reserved(scale) 1
00000000 00000000 00000000 00000000
00000000 01010000 10000001 01000000
00000000 00000000 00000000 00000000
00000000 01111000 10000000 01000000
00000000 00000000 00000000 00000000 ::reserved(scale) 1
00000000 00000000 11110000 00111111 ::reserved(scale) 1
00000000 00000000 00000000 00000000
00000000 11000000 01101011 01000000
00000000 00000000 00000000 00000000
00000000 01111000 10000000 01000000
00000000 00000000 00000000 00000000 ::reserved(scale) 1
00000000 00000000 11110000 00111111 ::reserved(scale) 1
00000000 00000000 00000000 00000000 ::coord_centerX 380
00000000 01000000 01111000 01000000 ::coord_centerX 380
00000000 00000000 00000000 00000000
00000000 01000000 01010010 01000000
00000000 00000000 00000000 00000000 ::reserved(scale) 1
00000000 00000000 11110000 00111111 ::reserved(scale) 1
00000000 00000000 00000000 00000000
00000000 01010000 10000001 01000000
00000000 00000000 00000000 00000000 ::coord_centerY 300
00000000 11000000 01110010 01000000 ::coord_centerY 300
00000000 00000000 00000000 00000000 ::reserved(scale) 1
00000000 00000000 11110000 00111111 ::reserved(scale) 1
00000000 00000000 00000000 00000000 ::coord_centerX 380
00000000 01000000 01111000 01000000 ::coord_centerX 380
00000000 00000000 00000000 00000000
00000000 01111000 10000000 01000000
00000000 00000000 00000000 00000000 ::reserved(scale) 1
00000000 00000000 11110000 00111111 ::reserved(scale) 1
00000000 00000000 00000000 00000000
00000000 11000000 01101011 01000000
00000000 00000000 00000000 00000000 ::coord_centerY 300
00000000 11000000 01110010 01000000 ::coord_centerY 300
00000000 00000000 00000000 00000000 ::reserved(scale) 1
00000000 00000000 11110000 00111111 ::reserved(scale) 1
00000000 00000000 00000000 00000000 ::coord_centerX 380
00000000 01000000 01111000 01000000 ::coord_centerX 380
00000000 00000000 00000000 00000000 ::coord_centerY 300
00000000 11000000 01110010 01000000 ::coord_centerY 300
00000000 00000000 00000000 00000000 ::reserved(scale) 1
00000000 00000000 11110000 00111111 ::reserved(scale) 1
00000001 00000000 00000000 00000000 ::reflection_possibility(bool)? / vertical_reflection(bool) / horizontal_reflection(bool) / ???
00000000 00000000 00000000 00000000
00000000 00000000 00000000 00000000
00000000 00000001 00000000 00000000
00000000 00000000 00000000 00000000
00000000 00000001 00000001 00000001
00000000 00000000 00000001 00000000
00000000 00000000 00000000 00000001
00000000 00000000 00000000 00000000
00000001 00000000 00000000 00000000
00000001 00000000 00000000 00000000 ::ID
00000100 00000000 00000000 00000000 ::4????
00000100 11111111 11111111 11111111 ::XXX??
10000100 11111111 11111111 11111111 ::YYY??
11111100 00000000 00000000 00000000 ::half_of_widthX
10000100 11111111 11111111 11111111 ::YYY??
11111100 00000000 00000000 00000000 ::half_of_widthX
01111100 00000000 00000000 00000000 ::half_of_heightY
00000100 11111111 11111111 11111111 ::XXX??
01111100 00000000 00000000 00000000 ::half_of_heightY
00000111 00000000 10000000 00000000 :: PrStyle (Ellipse = 7)/ TIStyle(стиль анал. прибора = 0)/ B(pen) / G(pen)
10000000 00000000 10000000 10000000 ::R(pen) / B(brush) / G(brush)/ R(brush)
00000000 00000000 00000000 00000000 ::transcolor/transparent ХЗ
00000001 00000001 00001111 00000000 ::стиль заливки 1 / стиль линии 1 / penwidth 15 / (length_text = 0)
00000000 00000000 00000000 00000000
00000000 00000000 00000000 00000000
00000000 00000000 00000000 00000000
00000000 00000000 00000000 00000000 ::reserved(scale) 1
00000000 00000000 11110000 00111111 ::reserved(scale) 1
00000000 00000000 00000000 00000000
00000000 00000000 00000000 00000000
00000000 00000000 00000000 00000000
00000000 00000000 00000000 00000000
00000000 00000000 00000000 00000000
00000000 00000000 00000000 00000000
00000000 00000000 00000000 00000000 ::reserved(scale) 1
00000000 00000000 11110000 00111111 ::reserved(scale) 1
00000000 00000000 00000000 00000000
00000000 00000000 00000000 00000000
00000000 00000000 00000000 00000000
00000000 00000000 00000000 00000000
00000000 00000000 00000000 00000000
00000000 00000000 00000000 00000000
00000000 00000000 00000000 00000000 ::reserved(scale) 1
00000000 00000000 11110000 00111111 ::reserved(scale) 1
00000000 00000000 00000000 00000000
00000000 00000000 00000000 00000000
00000001 00000000 00000000 00000000
00000000 00000000 00000000 00000000
11110000 00111111 00000000 00000000
00000000 00000000 00000000  BLOCK CLOSED
- - - INTER SECTION CLOSED section scheme_name: objs.1.1
- - - INTER SECTION OPENED section scheme_name: objs.1.2 section size: 17
BLOCK OPENED block size: 1 00000001  BLOCK CLOSED
BLOCK OPENED block size: 4 00001001 00000000 00000000 00000000
 BLOCK CLOSED
BLOCK OPENED block size: 9 00000000 00000000 00000000 00000000
00000000 11111111 11111111 11111111
11111111  BLOCK CLOSED
- - - INTER SECTION CLOSED section scheme_name: objs.1.2
- - - INTER SECTION OPENED section scheme_name: objs.1.3 section size: 12
BLOCK OPENED block size: 1 00000001  BLOCK CLOSED
BLOCK OPENED block size: 4 00000100 00000000 00000000 00000000
 BLOCK CLOSED
BLOCK OPENED block size: 4 11111111 11111111 11111111 11111111
 BLOCK CLOSED
- - - INTER SECTION CLOSED section scheme_name: objs.1.3
- - - INTER SECTION OPENED section scheme_name: objs.1.4 section size: 13
BLOCK OPENED block size: 1 00000001  BLOCK CLOSED
BLOCK OPENED block size: 4 00000101 00000000 00000000 00000000
 BLOCK CLOSED
BLOCK OPENED block size: 5 00000000 00000000 00000000 00000000
00000000  BLOCK CLOSED
- - - INTER SECTION CLOSED section scheme_name: objs.1.4
- - INTER SECTION CLOSED section scheme_name: objs.1