
- - INTER SECTION OPENED section scheme_name: objs.1 section size: 844
BLOCK OPENED block size: 1 00000001  BLOCK CLOSED
BLOCK OPENED block size: 4 00000001 00000000 00000000 00000000
 BLOCK CLOSED
BLOCK OPENED block size: 4 00000000 00000000 00000000 00000000
 BLOCK CLOSED
BLOCK OPENED block size: 4 00000100 00000000 00000000 00000000
 BLOCK CLOSED
- - - INTER SECTION OPENED section scheme_name: objs.1.1 section size: 749
BLOCK OPENED block size: 1 00000000  BLOCK CLOSED
BLOCK OPENED block size: 4 11100011 00000010 00000000 00000000
 BLOCK CLOSED
BLOCK OPENED block size: 739
11001101 00111011 01111111 01100110 ::unknwn
10011110 10100000 11100110 00111111 ::unknwn
11001101 00111011 01111111 01100110 ::unknwn
10011110 10100000 11100110 00111111 ::unknwn
00000000 00000000 00000000 00000000 ::coord_centerX 368
00000000 00000000 01110111 01000000 ::coord_centerX 368
11001101 00111011 01111111 01100110 ::unknwn
10011110 10100000 11100110 10111111 ::unknwn
11001101 00111011 01111111 01100110 ::unknwn
10011110 10100000 11100110 00111111 ::unknwn
00000000 00000000 00000000 00000000 ::coord_centerY 296
00000000 10000000 01110010 01000000 ::coord_centerY 296
00000000 00000000 00000000 00000000
00000000 00000000 00000000 00000000
00000000 00000000 00000000 00000000
00000000 00000000 00000000 00000000
00000000 00000000 00000000 00000000
00000000 00000000 11110000 00111111
00000000 00000000 00000000 00000000 ::angle 315
00000000 10110000 01110011 01000000 ::angle 315
00000000 00000000 00000000 00000000
00000000 00000000 00000000 00000000
00000000 00000000 00000000 00000000
00000000 00000000 00000000 00000000
00000000 00000000 00000000 00000000
00000000 00000000 00000000 00000000
00000000 00000000 00000000 00000000
00000000 00000000 01110001 11000000
00000000 00000000 00000000 00000000
00000000 00000000 01100001 11000000
00000000 00000000 00000000 00000000
00000000 00000000 11110000 00111111
00000000 00000000 00000000 00000000 :: half of heightX
00000000 00000000 01110001 01000000 :: half of heightX
00000000 00000000 00000000 00000000
00000000 00000000 01100001 11000000
00000000 00000000 00000000 00000000
00000000 00000000 11110000 00111111
00000000 00000000 00000000 00000000 :: half of heightX
00000000 00000000 01110001 01000000 :: half of heightX
00000000 00000000 00000000 00000000 :: half of heightY
00000000 00000000 01100001 01000000 :: half of heightY
00000000 00000000 00000000 00000000
00000000 00000000 11110000 00111111
00000000 00000000 00000000 00000000
00000000 00000000 01110001 11000000
00000000 00000000 00000000 00000000 :: half of heightY
00000000 00000000 01100001 01000000 :: half of heightY
00000000 00000000 00000000 00000000
00000000 00000000 11110000 00111111
00000000 00000000 00000000 00000000
00000000 00000000 00000000 00000000
00000000 00000000 00000000 00000000
00000000 00000000 01100001 11000000
00000000 00000000 00000000 00000000
00000000 00000000 11110000 00111111
00000000 00000000 00000000 00000000 :: half of heightX
00000000 00000000 01110001 01000000 :: half of heightX
00000000 00000000 00000000 00000000
00000000 00000000 00000000 00000000
00000000 00000000 00000000 00000000
00000000 00000000 11110000 00111111
00000000 00000000 00000000 00000000
00000000 00000000 00000000 00000000
00000000 00000000 00000000 00000000 :: half of heightY
00000000 00000000 01100001 01000000 :: half of heightY
00000000 00000000 00000000 00000000
00000000 00000000 11110000 00111111
00000000 00000000 00000000 00000000
00000000 00000000 01110001 11000000
00000000 00000000 00000000 00000000
00000000 00000000 00000000 00000000
00000000 00000000 00000000 00000000
00000000 00000000 11110000 00111111
00000000 00000000 00000000 00000000
00000000 00000000 00000000 00000000
00000000 00000000 00000000 00000000
00000000 00000000 00000000 00000000
00000000 00000000 00000000 00000000
00000000 00000000 11110000 00111111
00000000 00000000 00000000 00000000
00000000 00100000 01100011 01000000
00000000 00000000 00000000 00000000
00000000 01000000 01010100 01000000
00000000 00000000 00000000 00000000
00000000 00000000 11110000 00111111
00000000 00000000 00000000 00000000
00000000 00111000 10000010 01000000
00000000 00000000 00000000 00000000
00000000 01000000 01010100 01000000
00000000 00000000 00000000 00000000
00000000 00000000 11110000 00111111
00000000 00000000 00000000 00000000
00000000 00111000 10000010 01000000
00000000 00000000 00000000 00000000
00000000 11110000 01111111 01000000
00000000 00000000 00000000 00000000
00000000 00000000 11110000 00111111
00000000 00000000 00000000 00000000
00000000 00100000 01100011 01000000
00000000 00000000 00000000 00000000
00000000 11110000 01111111 01000000
00000000 00000000 00000000 00000000
00000000 00000000 11110000 00111111
00000000 00000000 00000000 00000000 ::coord_centerX 368
00000000 00000000 01110111 01000000 ::coord_centerX 368
00000000 00000000 00000000 00000000
00000000 01000000 01010100 01000000
00000000 00000000 00000000 00000000
00000000 00000000 11110000 00111111
00000000 00000000 00000000 00000000
00000000 00111000 10000010 01000000
00000000 00000000 00000000 00000000 ::coord_centerY 296
00000000 10000000 01110010 01000000 ::coord_centerY 296
00000000 00000000 00000000 00000000
00000000 00000000 11110000 00111111
00000000 00000000 00000000 00000000 ::coord_centerX 368
00000000 00000000 01110111 01000000 ::coord_centerX 368
00000000 00000000 00000000 00000000
00000000 11110000 01111111 01000000
00000000 00000000 00000000 00000000
00000000 00000000 11110000 00111111
00000000 00000000 00000000 00000000
00000000 00100000 01100011 01000000
00000000 00000000 00000000 00000000 ::coord_centerY 296
00000000 10000000 01110010 01000000 ::coord_centerY 296
00000000 00000000 00000000 00000000
00000000 00000000 11110000 00111111
00000000 00000000 00000000 00000000 ::coord_centerX 368
00000000 00000000 01110111 01000000 ::coord_centerX 368
00000000 00000000 00000000 00000000 ::coord_centerY 296
00000000 10000000 01110010 01000000 ::coord_centerY 296
00000000 00000000 00000000 00000000
00000000 00000000 11110000 00111111
00000001 00000000 00000000 00000000
00000000 00000000 00000000 00000000
00000000 00000000 00000000 00000000
00000000 00000001 00000000 00000000
00000000 00000000 00000000 00000000
00000000 00000001 00000001 00000001
00000000 00000000 00000001 00000000
00000000 00000000 00000000 00000001
00000000 00000000 00000000 00000000
00000001 00000000 00000000 00000000
00000001 00000000 00000000 00000000
00000100 00000000 00000000 00000000
11110000 11111110 11111111 11111111
01111000 11111111 11111111 11111111
00010000 00000001 00000000 00000000
01111000 11111111 11111111 11111111
00010000 00000001 00000000 00000000
10001000 00000000 00000000 00000000
11110000 11111110 11111111 11111111
10001000 00000000 00000000 00000000
00000111 00000000 00000000 00000000
00000000 11111111 11111111 11111111 ::brushcolor 255 255 255 (BGR)
00000000 00000000 00000000 00000000
00000000 00000011 00001100 00000000 ::penwidth???? 12
00000000 00000000 00000000 00000000
00000000 00000000 00000000 00000000
00000000 00000000 00000000 00000000
00000000 00000000 00000000 00000000
00000000 00000000 11110000 00111111
00000000 00000000 00000000 00000000
00000000 00000000 00000000 00000000
00000000 00000000 00000000 00000000
00000000 00000000 00000000 00000000
00000000 00000000 00000000 00000000
00000000 00000000 00000000 00000000
00000000 00000000 00000000 00000000
00000000 00000000 11110000 00111111
00000000 00000000 00000000 00000000
00000000 00000000 00000000 00000000
00000000 00000000 00000000 00000000
00000000 00000000 00000000 00000000
00000000 00000000 00000000 00000000
00000000 00000000 00000000 00000000
00000000 00000000 00000000 00000000
00000000 00000000 11110000 00111111
00000000 00000000 00000000 00000000
00000000 00000000 00000000 00000000
00000001 00000000 00000000 00000000
00000000 00000000 00000000 00000000
11110000 00111111 00000000 00000000
00000000 00000000 00000000  BLOCK CLOSED
- - - INTER SECTION CLOSED section scheme_name: objs.1.1
- - - INTER SECTION OPENED section scheme_name: objs.1.2 section size: 17
BLOCK OPENED block size: 1 00000001  BLOCK CLOSED
BLOCK OPENED block size: 4 00001001 00000000 00000000 00000000
 BLOCK CLOSED
BLOCK OPENED block size: 9 00000000 00000000 00000000 00000000
00000000 11111111 11111111 11111111
11111111  BLOCK CLOSED
- - - INTER SECTION CLOSED section scheme_name: objs.1.2
- - - INTER SECTION OPENED section scheme_name: objs.1.3 section size: 12
BLOCK OPENED block size: 1 00000001  BLOCK CLOSED
BLOCK OPENED block size: 4 00000100 00000000 00000000 00000000
 BLOCK CLOSED
BLOCK OPENED block size: 4 11111111 11111111 11111111 11111111
 BLOCK CLOSED
- - - INTER SECTION CLOSED section scheme_name: objs.1.3
- - - INTER SECTION OPENED section scheme_name: objs.1.4 section size: 13
BLOCK OPENED block size: 1 00000001  BLOCK CLOSED
BLOCK OPENED block size: 4 00000101 00000000 00000000 00000000
 BLOCK CLOSED
BLOCK OPENED block size: 5 00000000 00000000 00000000 00000000
00000000  BLOCK CLOSED
- - - INTER SECTION CLOSED section scheme_name: objs.1.4
- - INTER SECTION CLOSED section scheme_name: objs.1
