BLOCK OPENED block size: 759
00000000 00000000 00000000 00000000
00000000 00000000 11110000 00111111
00000000 00000000 00000000 00000000
00000000 00000000 00000000 00000000
00000000 00000000 00000000 00000000
00000000 00000000 01000000 01000000
00000000 00000000 00000000 00000000
00000000 00000000 00000000 00000000
00000000 00000000 00000000 00000000
00000000 00000000 11110000 00111111
00000000 00000000 00000000 00000000
00000000 00000000 01010111 01000000
00000000 00000000 00000000 00000000
00000000 00000000 00000000 00000000
00000000 00000000 00000000 00000000
00000000 00000000 00000000 00000000
00000000 00000000 00000000 00000000
00000000 00000000 11110000 00111111
00000000 00000000 00000000 00000000
00000000 00000000 00000000 00000000
00000000 00000000 00000000 00000000
00000000 00000000 00000000 00000000
00000000 00000000 00000000 00000000
00000000 00000000 00000000 00000000
00000000 00000000 00000000 00000000
00000000 00000000 00000000 00000000
00000000 00000000 00000000 00000000
00000000 00000000 00000000 00000000
00000000 00000000 00000000 00000000
00000000 00000000 01010011 11000000
00000000 00000000 00000000 00000000
00000000 00000000 11110000 00111111
00000000 00000000 00000000 00000000
00000000 00000000 00000000 00000000
00000000 00000000 00000000 00000000
00000000 00000000 01010011 11000000
00000000 00000000 00000000 00000000
00000000 00000000 11110000 00111111
00000000 00000000 00000000 00000000
00000000 00000000 00000000 00000000
00000000 00000000 00000000 00000000
00000000 00000000 01010011 01000000
00000000 00000000 00000000 00000000
00000000 00000000 11110000 00111111
00000000 00000000 00000000 00000000
00000000 00000000 00000000 00000000
00000000 00000000 00000000 00000000
00000000 00000000 01010011 01000000
00000000 00000000 00000000 00000000
00000000 00000000 11110000 00111111
00000000 00000000 00000000 00000000
00000000 00000000 00000000 00000000
00000000 00000000 00000000 00000000
00000000 00000000 00000000 00000000
00000000 00000000 00000000 00000000
00000000 00000000 11110000 00111111
00000000 00000000 00000000 00000000
00000000 00000000 00000000 00000000
00000000 00000000 00000000 00000000
00000000 00000000 00000000 00000000
00000000 00000000 00000000 00000000
00000000 00000000 11110000 00111111
00000000 00000000 00000000 00000000
00000000 00000000 00000000 00000000
00000000 00000000 00000000 00000000
00000000 00000000 00000000 00000000
00000000 00000000 00000000 00000000
00000000 00000000 11110000 00111111
00000000 00000000 00000000 00000000
00000000 00000000 00000000 00000000
00000000 00000000 00000000 00000000
00000000 00000000 00000000 00000000
00000000 00000000 00000000 00000000
00000000 00000000 11110000 00111111
00000000 00000000 00000000 00000000
00000000 00000000 00000000 00000000
00000000 00000000 00000000 00000000
00000000 00000000 00000000 00000000
00000000 00000000 00000000 00000000
00000000 00000000 11110000 00111111
00000000 00000000 00000000 00000000
00000000 00000000 01000000 01000000
00000000 00000000 00000000 00000000
00000000 00000000 00110000 01000000
00000000 00000000 00000000 00000000
00000000 00000000 11110000 00111111
00000000 00000000 00000000 00000000
00000000 00000000 01000000 01000000
00000000 00000000 00000000 00000000
00000000 00000000 00110000 01000000
00000000 00000000 00000000 00000000
00000000 00000000 11110000 00111111
00000000 00000000 00000000 00000000
00000000 00000000 01000000 01000000
00000000 00000000 00000000 00000000
00000000 00000000 01100101 01000000
00000000 00000000 00000000 00000000
00000000 00000000 11110000 00111111
00000000 00000000 00000000 00000000
00000000 00000000 01000000 01000000
00000000 00000000 00000000 00000000
00000000 00000000 01100101 01000000
00000000 00000000 00000000 00000000
00000000 00000000 11110000 00111111
00000000 00000000 00000000 00000000
00000000 00000000 01000000 01000000
00000000 00000000 00000000 00000000
00000000 00000000 00110000 01000000
00000000 00000000 00000000 00000000
00000000 00000000 11110000 00111111
00000000 00000000 00000000 00000000
00000000 00000000 01000000 01000000
00000000 00000000 00000000 00000000
00000000 00000000 01010111 01000000
00000000 00000000 00000000 00000000
00000000 00000000 11110000 00111111
00000000 00000000 00000000 00000000
00000000 00000000 01000000 01000000
00000000 00000000 00000000 00000000
00000000 00000000 01100101 01000000
00000000 00000000 00000000 00000000
00000000 00000000 11110000 00111111
00000000 00000000 00000000 00000000
00000000 00000000 01000000 01000000
00000000 00000000 00000000 00000000
00000000 00000000 01010111 01000000
00000000 00000000 00000000 00000000
00000000 00000000 11110000 00111111
00000000 00000000 00000000 00000000
00000000 00000000 01000000 01000000
00000000 00000000 00000000 00000000
00000000 00000000 01010111 01000000
00000000 00000000 00000000 00000000
00000000 00000000 11110000 00111111
00000001 00000000 00000000 00000000
00000000 00000000 00000000 00000000
00000000 00000000 00000000 00000000
00000000 00000010 00000000 00000000
00000000 00000000 00000000 00000000
00000000 00000001 00000001 00000001
00000000 00000000 00000001 00000000
00000000 00000000 00000000 00000001
00000000 00000000 00000000 00000000
00000001 00000000 00000000 00000000
00000001 00000000 00000000 00000000
00000010 00000000 00000000 00000000
00000000 00000000 00000000 00000000
10110100 11111111 11111111 11111111
00000000 00000000 00000000 00000000
01001100 00000000 00000000 00000000
00000100 00000000 00000000 00000000
00000000 11111111 11111111 11111111
00000000 00000000 00000000 00000000
00000000 00000001 00000001 00000000
00000000 00000000 00000000 00000000
00000000 00000000 00000000 00000001
00001010 00000000 00000000 00000000
00000001 00000000 00000000 00000110
00000000 00000000 00000000 01010100
01100001 01101000 01101111 01101101
01100001 00000000 00000000 00000000
00000000 00000000 00000000 00000000
00000000 00000000 00000000 00000000
00000000 00000000 00000000 00000000
00000000 00000000 00000000 00000000
00000000 00000000 00000000 00000000
00000000 00000000 00000000 00000000
00000000 00000000 11110000 00111111
00000000 00000000 00000000 00000000
00000000 00000000 00000000 00000000
00000000 00000000 00000000 00000000
00000000 00000000 00000000 00000000
00000000 00000000 00000000 00000000
00000000 00000000 00000000 00000000
00000000 00000000 00000000 00000000
00000000 00000000 11110000 00111111
00000000 00000000 00000000 00000000
00000000 00000000 00000000 00000000
00000000 00000000 00000000 00000000
00000000 00000000 00000000 00000000
00000000 00000000 00000000 00000000
00000000 00000000 00000000 00000000
00000000 00000000 00000000 00000000
00000000 00000000 11110000 00111111
00000000 00000000 00000000 00000000
00000000 00000000 00000000 00000000
00000001 00000000 00000000 00000000
00000000 00000000 00000000 00000000
11110000 00111111 00000000 00000000
00000000 00000000 00000000  BLOCK CLOSED