- - INTER SECTION OPENED section scheme_name: objs.1 section size: 868
BLOCK OPENED block size: 1 00000001  BLOCK CLOSED
BLOCK OPENED block size: 4 00000001 00000000 00000000 00000000
 BLOCK CLOSED
BLOCK OPENED block size: 4 00000000 00000000 00000000 00000000
 BLOCK CLOSED
BLOCK OPENED block size: 4 00000100 00000000 00000000 00000000
 BLOCK CLOSED
- - - INTER SECTION OPENED section scheme_name: objs.1.1 section size: 773
BLOCK OPENED block size: 1 00000000  BLOCK CLOSED
BLOCK OPENED block size: 4 11111011 00000010 00000000 00000000
 BLOCK CLOSED
BLOCK OPENED block size: 763
00000000 00000000 00000000 00000000
00000000 00000000 11110000 00111111
00000000 00000000 00000000 00000000
00000000 00000000 00000000 00000000
00000000 00000000 00000000 00000000
00000000 01000000 01111110 01000000
00000000 00000000 00000000 00000000
00000000 00000000 00000000 00000000
00000000 00000000 00000000 00000000
00000000 00000000 11110000 00111111
00000000 00000000 00000000 00000000
00000000 10000000 01110010 01000000
00000000 00000000 00000000 00000000
00000000 00000000 00000000 00000000
00000000 00000000 00000000 00000000
00000000 00000000 00000000 00000000
00000000 00000000 00000000 00000000
00000000 00000000 11110000 00111111
00000000 00000000 00000000 00000000
00000000 00000000 00000000 00000000
00000000 00000000 00000000 00000000
00000000 00000000 00000000 00000000
00000000 00000000 00000000 00000000
00000000 00000000 00000000 00000000
00000000 00000000 00000000 00000000
00000000 00000000 00000000 00000000
00000000 00000000 00000000 00000000
00000000 10000000 01101110 11000000
00000000 00000000 00000000 00000000
00000000 00000000 01011110 11000000
00000000 00000000 00000000 00000000
00000000 00000000 11110000 00111111
00000000 00000000 00000000 00000000
00000000 10000000 01101110 01000000
00000000 00000000 00000000 00000000
00000000 00000000 01011110 11000000
00000000 00000000 00000000 00000000
00000000 00000000 11110000 00111111
00000000 00000000 00000000 00000000
00000000 10000000 01101110 01000000
00000000 00000000 00000000 00000000
00000000 00000000 01011110 01000000
00000000 00000000 00000000 00000000
00000000 00000000 11110000 00111111
00000000 00000000 00000000 00000000
00000000 10000000 01101110 11000000
00000000 00000000 00000000 00000000
00000000 00000000 01011110 01000000
00000000 00000000 00000000 00000000
00000000 00000000 11110000 00111111
00000000 00000000 00000000 00000000
00000000 00000000 00000000 00000000
00000000 00000000 00000000 00000000
00000000 00000000 01011110 11000000
00000000 00000000 00000000 00000000
00000000 00000000 11110000 00111111
00000000 00000000 00000000 00000000
00000000 10000000 01101110 01000000
00000000 00000000 00000000 00000000
00000000 00000000 00000000 00000000
00000000 00000000 00000000 00000000
00000000 00000000 11110000 00111111
00000000 00000000 00000000 00000000
00000000 00000000 00000000 00000000
00000000 00000000 00000000 00000000
00000000 00000000 01011110 01000000
00000000 00000000 00000000 00000000
00000000 00000000 11110000 00111111
00000000 00000000 00000000 00000000
00000000 10000000 01101110 11000000
00000000 00000000 00000000 00000000
00000000 00000000 00000000 00000000
00000000 00000000 00000000 00000000
00000000 00000000 11110000 00111111
00000000 00000000 00000000 00000000
00000000 00000000 00000000 00000000
00000000 00000000 00000000 00000000
00000000 00000000 00000000 00000000
00000000 00000000 00000000 00000000
00000000 00000000 11110000 00111111
00000000 00000000 00000000 00000000
00000000 00000000 01101110 01000000
00000000 00000000 00000000 00000000
00000000 00000000 01100110 01000000
00000000 00000000 00000000 00000000
00000000 00000000 11110000 00111111
00000000 00000000 00000000 00000000
00000000 11000000 10000110 01000000
00000000 00000000 00000000 00000000
00000000 00000000 01100110 01000000
00000000 00000000 00000000 00000000
00000000 00000000 11110000 00111111
00000000 00000000 00000000 00000000
00000000 11000000 10000110 01000000
00000000 00000000 00000000 00000000
00000000 00000000 01111010 01000000
00000000 00000000 00000000 00000000
00000000 00000000 11110000 00111111
00000000 00000000 00000000 00000000
00000000 00000000 01101110 01000000
00000000 00000000 00000000 00000000
00000000 00000000 01111010 01000000
00000000 00000000 00000000 00000000
00000000 00000000 11110000 00111111
00000000 00000000 00000000 00000000
00000000 01000000 01111110 01000000
00000000 00000000 00000000 00000000
00000000 00000000 01100110 01000000
00000000 00000000 00000000 00000000
00000000 00000000 11110000 00111111
00000000 00000000 00000000 00000000
00000000 11000000 10000110 01000000
00000000 00000000 00000000 00000000
00000000 10000000 01110010 01000000
00000000 00000000 00000000 00000000
00000000 00000000 11110000 00111111
00000000 00000000 00000000 00000000
00000000 01000000 01111110 01000000
00000000 00000000 00000000 00000000
00000000 00000000 01111010 01000000
00000000 00000000 00000000 00000000
00000000 00000000 11110000 00111111
00000000 00000000 00000000 00000000
00000000 00000000 01101110 01000000
00000000 00000000 00000000 00000000
00000000 10000000 01110010 01000000
00000000 00000000 00000000 00000000
00000000 00000000 11110000 00111111
00000000 00000000 00000000 00000000
00000000 01000000 01111110 01000000
00000000 00000000 00000000 00000000
00000000 10000000 01110010 01000000
00000000 00000000 00000000 00000000
00000000 00000000 11110000 00111111
00000001 00000000 00000000 00000000
00000000 00000000 00000000 00000000
00000000 00000000 00000000 00000000
00000000 00000001 00000000 00000000
00000000 00000000 00000000 00000000
00000000 00000001 00000001 00000001
00000000 00000000 00000001 00000000
00000000 00000000 00000000 00000001
00000000 00000000 00000000 00000000
00000001 00000000 00000000 00000000
00000001 00000000 00000000 00000000
00000111 00000000 00000000 00000000
01011100 11111111 11111111 11111111
10001000 11111111 11111111 11111111
11110100 00000000 00000000 00000000
10010000 11111111 11111111 11111111
10110100 00000000 00000000 00000000
00101000 00000000 00000000 00000000
10110100 11111111 11111111 11111111
00001000 00000000 00000000 00000000
01100100 11111111 11111111 11111111
01111000 00000000 00000000 00000000
00001100 11111111 11111111 11111111
00000000 00000000 00000000 00000000
01011100 11111111 11111111 11111111
10001000 11111111 11111111 11111111
00000110 00000000 00000000 10000000
00000000 00000000 00000000 11111111 ::BrushColor 0 0 255 (BGR)
00000000 00000000 00000000 00000000
00000001 00000001 00011000 00000000 ::penwidth???? 24
00000000 00000000 00000000 00000000
00000000 00000000 00000000 00000000
00000000 00000000 00000000 00000000
00000000 00000000 00000000 00000000
00000000 00000000 11110000 00111111
00000000 00000000 00000000 00000000
00000000 00000000 00000000 00000000
00000000 00000000 00000000 00000000
00000000 00000000 00000000 00000000
00000000 00000000 00000000 00000000
00000000 00000000 00000000 00000000
00000000 00000000 00000000 00000000
00000000 00000000 11110000 00111111
00000000 00000000 00000000 00000000
00000000 00000000 00000000 00000000
00000000 00000000 00000000 00000000
00000000 00000000 00000000 00000000
00000000 00000000 00000000 00000000
00000000 00000000 00000000 00000000
00000000 00000000 00000000 00000000
00000000 00000000 11110000 00111111
00000000 00000000 00000000 00000000
00000000 00000000 00000000 00000000
00000001 00000000 00000000 00000000
00000000 00000000 00000000 00000000
11110000 00111111 00000000 00000000
00000000 00000000 00000000  BLOCK CLOSED
- - - INTER SECTION CLOSED section scheme_name: objs.1.1
- - - INTER SECTION OPENED section scheme_name: objs.1.2 section size: 17
BLOCK OPENED block size: 1 00000001  BLOCK CLOSED
BLOCK OPENED block size: 4 00001001 00000000 00000000 00000000
 BLOCK CLOSED
BLOCK OPENED block size: 9 00000000 00000000 00000000 00000000
00000000 11111111 11111111 11111111
11111111  BLOCK CLOSED
- - - INTER SECTION CLOSED section scheme_name: objs.1.2
- - - INTER SECTION OPENED section scheme_name: objs.1.3 section size: 12
BLOCK OPENED block size: 1 00000001  BLOCK CLOSED
BLOCK OPENED block size: 4 00000100 00000000 00000000 00000000
 BLOCK CLOSED
BLOCK OPENED block size: 4 11111111 11111111 11111111 11111111
 BLOCK CLOSED
- - - INTER SECTION CLOSED section scheme_name: objs.1.3
- - - INTER SECTION OPENED section scheme_name: objs.1.4 section size: 13
BLOCK OPENED block size: 1 00000001  BLOCK CLOSED
BLOCK OPENED block size: 4 00000101 00000000 00000000 00000000
 BLOCK CLOSED
BLOCK OPENED block size: 5 00000000 00000000 00000000 00000000
00000000  BLOCK CLOSED
- - - INTER SECTION CLOSED section scheme_name: objs.1.4
- - INTER SECTION CLOSED section scheme_name: objs.1