- - - INTER SECTION OPENED section scheme_name: objs.1.1 section size: 786
BLOCK OPENED block size: 1 00000000  BLOCK CLOSED
BLOCK OPENED block size: 4 00001000 00000011 00000000 00000000
 BLOCK CLOSED
BLOCK OPENED block size: 776 00000000 00000000 00000000 00000000
00000000 00000000 11110000 00111111
00000000 00000000 00000000 00000000
00000000 00000000 00000000 00000000
00000000 00000000 00000000 00000000
00000000 00000000 01010110 01000000
00000000 00000000 00000000 00000000
00000000 00000000 00000000 00000000
00000000 00000000 00000000 00000000
00000000 00000000 11110000 00111111
00000000 00000000 00000000 00000000
00000000 00000000 01010001 01000000
00000000 00000000 00000000 00000000
00000000 00000000 00000000 00000000
00000000 00000000 00000000 00000000
00000000 00000000 00000000 00000000
00000000 00000000 00000000 00000000
00000000 00000000 11110000 00111111
00000000 00000000 00000000 00000000
00000000 00000000 00000000 00000000
00000000 00000000 00000000 00000000
00000000 00000000 00000000 00000000
00000001 00000000 00000001 00000000
00000000 00000000 00000000 00000000
00000000 00000000 00000000 00000000
00000000 00000000 00000000 00000000
00000000 00000000 00000000 00000000
00000000 00000000 01001100 11000000
00000000 00000000 00000000 00000000
00000000 00000000 01000010 11000000
00000000 00000000 00000000 00000000
00000000 00000000 11110000 00111111
00000000 00000000 00000000 00000000
00000000 00000000 01001100 01000000
00000000 00000000 00000000 00000000
00000000 00000000 01000010 11000000
00000000 00000000 00000000 00000000
00000000 00000000 11110000 00111111
00000000 00000000 00000000 00000000
00000000 00000000 01001100 01000000
00000000 00000000 00000000 00000000
00000000 00000000 01000010 01000000
00000000 00000000 00000000 00000000
00000000 00000000 11110000 00111111
00000000 00000000 00000000 00000000
00000000 00000000 01001100 11000000
00000000 00000000 00000000 00000000
00000000 00000000 01000010 01000000
00000000 00000000 00000000 00000000
00000000 00000000 11110000 00111111
00000000 00000000 00000000 00000000
00000000 00000000 00000000 00000000
00000000 00000000 00000000 00000000
00000000 00000000 01000010 11000000
00000000 00000000 00000000 00000000
00000000 00000000 11110000 00111111
00000000 00000000 00000000 00000000
00000000 00000000 01001100 01000000
00000000 00000000 00000000 00000000
00000000 00000000 00000000 00000000
00000000 00000000 00000000 00000000
00000000 00000000 11110000 00111111
00000000 00000000 00000000 00000000
00000000 00000000 00000000 00000000
00000000 00000000 00000000 00000000
00000000 00000000 01000010 01000000
00000000 00000000 00000000 00000000
00000000 00000000 11110000 00111111
00000000 00000000 00000000 00000000
00000000 00000000 01001100 11000000
00000000 00000000 00000000 00000000
00000000 00000000 00000000 00000000
00000000 00000000 00000000 00000000
00000000 00000000 11110000 00111111
00000000 00000000 00000000 00000000
00000000 00000000 00000000 00000000
00000000 00000000 00000000 00000000
00000000 00000000 00000000 00000000
00000000 00000000 00000000 00000000
00000000 00000000 11110000 00111111
00000000 00000000 00000000 00000000
00000000 00000000 01000000 01000000
00000000 00000000 00000000 00000000
00000000 00000000 01000000 01000000
00000000 00000000 00000000 00000000
00000000 00000000 11110000 00111111
00000000 00000000 00000000 00000000
00000000 00000000 01100010 01000000
00000000 00000000 00000000 00000000
00000000 00000000 01000000 01000000
00000000 00000000 00000000 00000000
00000000 00000000 11110000 00111111
00000000 00000000 00000000 00000000
00000000 00000000 01100010 01000000
00000000 00000000 00000000 00000000
00000000 00000000 01011010 01000000
00000000 00000000 00000000 00000000
00000000 00000000 11110000 00111111
00000000 00000000 00000000 00000000
00000000 00000000 01000000 01000000
00000000 00000000 00000000 00000000
00000000 00000000 01011010 01000000
00000000 00000000 00000000 00000000
00000000 00000000 11110000 00111111
00000000 00000000 00000000 00000000
00000000 00000000 01010110 01000000
00000000 00000000 00000000 00000000
00000000 00000000 01000000 01000000
00000000 00000000 00000000 00000000
00000000 00000000 11110000 00111111
00000000 00000000 00000000 00000000
00000000 00000000 01100010 01000000
00000000 00000000 00000000 00000000
00000000 00000000 01010001 01000000
00000000 00000000 00000000 00000000
00000000 00000000 11110000 00111111
00000000 00000000 00000000 00000000
00000000 00000000 01010110 01000000
00000000 00000000 00000000 00000000
00000000 00000000 01011010 01000000
00000000 00000000 00000000 00000000
00000000 00000000 11110000 00111111
00000000 00000000 00000000 00000000
00000000 00000000 01000000 01000000
00000000 00000000 00000000 00000000
00000000 00000000 01010001 01000000
00000000 00000000 00000000 00000000
00000000 00000000 11110000 00111111
00000000 00000000 00000000 00000000
00000000 00000000 01010110 01000000
00000000 00000000 00000000 00000000
00000000 00000000 01010001 01000000
00000000 00000000 00000000 00000000
00000000 00000000 11110000 00111111
00000001 00000000 00000000 00000000
00000000 00000000 00000000 00000000
00000000 00000000 00000000 00000000
00000000 00000001 00000000 00000000
00000000 00000000 00000000 00000000
00000000 00000001 00000001 00000001
00000000 00000000 00000001 00000000
00000000 00000000 00000000 00000000
00000000 00000000 00000000 00000000
00000001 00000000 00000000 00000000
00000001 00000000 00000000 00000000 ::ID
00000100 00000000 00000000 00000000 ::7?????
11001000 11111111 11111111 11111111 ::XXX??
11011100 11111111 11111111 11111111 ::YYY??
00111000 00000000 00000000 00000000 ::half_of_widthX
11011100 11111111 11111111 11111111 ::YYY??
00111000 00000000 00000000 00000000 ::half_of_widthX
00100100 00000000 00000000 00000000 ::half_of_heightY
11001000 11111111 11111111 11111111 ::XXX??
00100100 00000000 00000000 00000000 ::half_of_heightY
00001100 00000000 00000000 00000000 :: PrStyle (Teleizm = 12)/ TIStyle(стиль анал. прибора = 0)/ B(pen) / G(pen
00000000 11010111 11111111 11010111 ::R(pen) / B(brush) / G(brush)/ R(brush)
00000000 00000000 00000000 00000000 ::transcolor/transparent ХЗ
00000001 00000000 00000001 00000000 ::стиль заливки 1 / стиль линии 0 / penwidth 1 / (length_text = 0)
00000000 00000000 00000000 00000000
00000000 00000000 00000000 00000001
00001000 00000000 00000000 00000000
00000000 00000000 00000000 00000111
00000000 00000000 00000000 01010110
01100101 01110010 01100100 01100001
01101110 01100001 00000000 00000000
00000000 00000000 00000010 00000010
00000000 00000000 00000000 00000000
00000000 00000000 00000000 00000000
00000000 00000010 00000000 00000000
00000000 00000000 00000000 00000000
00000000 00000000 00000000 00000000
00000000 00000000 00000000 11110000
00111111 00000000 00000000 00000000
00000000 00000000 00000000 00000000
00000000 00000000 00000000 00000000
00000000 00000000 00000000 00000000
00000000 00000000 00000000 00000000
00000000 00000000 00000000 00000000
00000000 00000000 00000000 00000000
00000000 00000000 00000000 11110000
00111111 00000000 00000000 00000000
00000000 00000000 00000000 00000000
00000000 00000000 00000000 00000000
00000000 00000000 00000000 00000000
00000000 00000000 00000000 00000000
00000000 00000000 00000000 00000000
00000000 00000000 00000000 00000000
00000000 00000000 00000000 11110000
00111111 00000000 00000000 00000000
00000000 00000000 00000000 00000000
00000000 00000001 00000000 00000000
00000000 00000000 00000000 00000000
00000000 11110000 00111111 00000000
00000000 00000000 00000000 00000000
 BLOCK CLOSED
- - - INTER SECTION CLOSED section scheme_name: objs.1.1