- - - INTER SECTION OPENED section scheme_name: objs.1.1 section size: 786
BLOCK OPENED block size: 1 00000000  BLOCK CLOSED
BLOCK OPENED block size: 4 00001000 00000011 00000000 00000000
 BLOCK CLOSED
BLOCK OPENED block size: 776 00000000 00000000 00000000 00000000
00000000 00000000 11110000 00111111
00000000 00000000 00000000 00000000
00000000 00000000 00000000 00000000
00000000 00000000 00000000 00000000
00000000 00000000 01010111 01000000
00000000 00000000 00000000 00000000
00000000 00000000 00000000 00000000
00000000 00000000 00000000 00000000
00000000 00000000 11110000 00111111
00000000 00000000 00000000 00000000
00000000 00000000 01010000 01000000
00000000 00000000 00000000 00000000
00000000 00000000 00000000 00000000
00000000 00000000 00000000 00000000
00000000 00000000 00000000 00000000
00000000 00000000 00000000 00000000
00000000 00000000 11110000 00111111
00000000 00000000 00000000 00000000
00000000 00000000 00000000 00000000
00000000 00000000 00000000 00000000
00000000 00000000 00000000 00000000
00000001 00000000 00000001 00000000
00000000 00000000 00000000 00000000
00000000 00000000 00000000 00000000
00000000 00000000 00000000 00000000
00000000 00000000 00000000 00000000
00000000 00000000 01001010 11000000
00000000 00000000 00000000 00000000
00000000 00000000 01000000 11000000
00000000 00000000 00000000 00000000
00000000 00000000 11110000 00111111
00000000 00000000 00000000 00000000
00000000 00000000 01001010 01000000
00000000 00000000 00000000 00000000
00000000 00000000 01000000 11000000
00000000 00000000 00000000 00000000
00000000 00000000 11110000 00111111
00000000 00000000 00000000 00000000
00000000 00000000 01001010 01000000
00000000 00000000 00000000 00000000
00000000 00000000 01000000 01000000
00000000 00000000 00000000 00000000
00000000 00000000 11110000 00111111
00000000 00000000 00000000 00000000
00000000 00000000 01001010 11000000
00000000 00000000 00000000 00000000
00000000 00000000 01000000 01000000
00000000 00000000 00000000 00000000
00000000 00000000 11110000 00111111
00000000 00000000 00000000 00000000
00000000 00000000 00000000 00000000
00000000 00000000 00000000 00000000
00000000 00000000 01000000 11000000
00000000 00000000 00000000 00000000
00000000 00000000 11110000 00111111
00000000 00000000 00000000 00000000
00000000 00000000 01001010 01000000
00000000 00000000 00000000 00000000
00000000 00000000 00000000 00000000
00000000 00000000 00000000 00000000
00000000 00000000 11110000 00111111
00000000 00000000 00000000 00000000
00000000 00000000 00000000 00000000
00000000 00000000 00000000 00000000
00000000 00000000 01000000 01000000
00000000 00000000 00000000 00000000
00000000 00000000 11110000 00111111
00000000 00000000 00000000 00000000
00000000 00000000 01001010 11000000
00000000 00000000 00000000 00000000
00000000 00000000 00000000 00000000
00000000 00000000 00000000 00000000
00000000 00000000 11110000 00111111
00000000 00000000 00000000 00000000
00000000 00000000 00000000 00000000
00000000 00000000 00000000 00000000
00000000 00000000 00000000 00000000
00000000 00000000 00000000 00000000
00000000 00000000 11110000 00111111
00000000 00000000 00000000 00000000
00000000 00000000 01000100 01000000
00000000 00000000 00000000 00000000
00000000 00000000 01000000 01000000
00000000 00000000 00000000 00000000
00000000 00000000 11110000 00111111
00000000 00000000 00000000 00000000
00000000 00000000 01100010 01000000
00000000 00000000 00000000 00000000
00000000 00000000 01000000 01000000
00000000 00000000 00000000 00000000
00000000 00000000 11110000 00111111
00000000 00000000 00000000 00000000
00000000 00000000 01100010 01000000
00000000 00000000 00000000 00000000
00000000 00000000 01011000 01000000
00000000 00000000 00000000 00000000
00000000 00000000 11110000 00111111
00000000 00000000 00000000 00000000
00000000 00000000 01000100 01000000
00000000 00000000 00000000 00000000
00000000 00000000 01011000 01000000
00000000 00000000 00000000 00000000
00000000 00000000 11110000 00111111
00000000 00000000 00000000 00000000
00000000 00000000 01010111 01000000
00000000 00000000 00000000 00000000
00000000 00000000 01000000 01000000
00000000 00000000 00000000 00000000
00000000 00000000 11110000 00111111
00000000 00000000 00000000 00000000
00000000 00000000 01100010 01000000
00000000 00000000 00000000 00000000
00000000 00000000 01010000 01000000
00000000 00000000 00000000 00000000
00000000 00000000 11110000 00111111
00000000 00000000 00000000 00000000
00000000 00000000 01010111 01000000
00000000 00000000 00000000 00000000
00000000 00000000 01011000 01000000
00000000 00000000 00000000 00000000
00000000 00000000 11110000 00111111
00000000 00000000 00000000 00000000
00000000 00000000 01000100 01000000
00000000 00000000 00000000 00000000
00000000 00000000 01010000 01000000
00000000 00000000 00000000 00000000
00000000 00000000 11110000 00111111
00000000 00000000 00000000 00000000
00000000 00000000 01010111 01000000
00000000 00000000 00000000 00000000
00000000 00000000 01010000 01000000
00000000 00000000 00000000 00000000
00000000 00000000 11110000 00111111
00000001 00000000 00000000 00000000
00000000 00000000 00000000 00000000
00000000 00000000 00000000 00000000
00000000 00000001 00000000 00000000
00000000 00000000 00000000 00000000
00000000 00000001 00000001 00000001
00000000 00000000 00000001 00000000
00000000 00000000 00000000 00000001
00000000 00000000 00000000 00000000
00000001 00000000 00000000 00000000
00000001 00000000 00000000 00000000 ::ID
00000100 00000000 00000000 00000000 ::7?????
11001100 11111111 11111111 11111111 ::XXX??
11100000 11111111 11111111 11111111 ::YYY??
00110100 00000000 00000000 00000000 ::half_of_widthX
11100000 11111111 11111111 11111111 ::YYY??
00110100 00000000 00000000 00000000 ::half_of_widthX
00100000 00000000 00000000 00000000 ::half_of_heightY
11001100 11111111 11111111 11111111 ::XXX??
00100000 00000000 00000000 00000000 ::half_of_heightY
00001011 00000001 00000000 00000000 :: PrStyle (Teleizm = 11)/ TIStyle(стиль анал. прибора = 1)/ B(pen) / G(pen
00000000 00000000 00000000 00000000 ::R(pen) / B(brush) / G(brush)/ R(brush)
00000000 00000000 00000000 00000000 ::transcolor/transparent ХЗ
00000001 00000000 00000001 00000000 ::стиль заливки 1 / стиль линии 0 / penwidth 1 / (length_text = 0)
00000000 00000000 00000000 00000000
00000000 00000000 00000000 00000001
00010010 00000000 00000000 00000000
00000000 00000000 00000000 00000111
00000000 00000000 00000000 01000011
01110010 01111001 01110011 01110100
01100001 01101100 00000000 11111111
00000000 00000000 00000010 00000010
00000000 00000000 00000000 00000000
00000000 00000000 00000000 00000000
00000000 00000110 00000000 00000000
00000000 00000000 00000000 00000000
00000000 00000000 00000000 00000000
00000000 00000000 00000000 11110000
00111111 00000000 00000000 00000000
00000000 00000000 00000000 00000000
00000000 00000000 00000000 00000000
00000000 00000000 00000000 00000000
00000000 00000000 00000000 00000000
00000000 00000000 00000000 00000000
00000000 00000000 00000000 00000000
00000000 00000000 00000000 11110000
00111111 00000000 00000000 00000000
00000000 00000000 00000000 00000000
00000000 00000000 00000000 00000000
00000000 00000000 00000000 00000000
00000000 00000000 00000000 00000000
00000000 00000000 00000000 00000000
00000000 00000000 00000000 00000000
00000000 00000000 00000000 11110000
00111111 00000000 00000000 00000000
00000000 00000000 00000000 00000000
00000000 00000001 00000000 00000000
00000000 00000000 00000000 00000000
00000000 11110000 00111111 00000000
00000000 00000000 00000000 00000000
 BLOCK CLOSED
- - - INTER SECTION CLOSED section scheme_name: objs.1.1