- - - INTER SECTION OPENED section scheme_name: objs.1.1 section size: 794
BLOCK OPENED block size: 1 00000000  BLOCK CLOSED
BLOCK OPENED block size: 4 00010000 00000011 00000000 00000000
 BLOCK CLOSED
BLOCK OPENED block size: 784 00000000 00000000 00000000 00000000
00000000 00000000 11110000 00111111
00000000 00000000 00000000 00000000
00000000 00000000 00000000 00000000
00000000 00000000 00000000 00000000
00000000 00000000 01010100 01000000
00000000 00000000 00000000 00000000
00000000 00000000 00000000 00000000
00000000 00000000 00000000 00000000
00000000 00000000 11110000 00111111
00000000 00000000 00000000 00000000
00000000 00000000 01001110 01000000
00000000 00000000 00000000 00000000
00000000 00000000 00000000 00000000
00000000 00000000 00000000 00000000
00000000 00000000 00000000 00000000
00000000 00000000 00000000 00000000
00000000 00000000 11110000 00111111
00000000 00000000 00000000 00000000
00000000 00000000 00000000 00000000
00000000 00000000 00000000 00000000
00000000 00000000 00000000 00000000
00000001 00000000 00000001 00000000
00000000 00000000 00000000 00000000
00000000 00000000 00000000 00000000
00000000 00000000 00000000 00000000
00000000 00000000 00000000 00000000
00000000 00000000 01001000 11000000
00000000 00000000 00000000 00000000
00000000 00000000 01000010 11000000
00000000 00000000 00000000 00000000
00000000 00000000 11110000 00111111
00000000 00000000 00000000 00000000
00000000 00000000 01001000 01000000
00000000 00000000 00000000 00000000
00000000 00000000 01000010 11000000
00000000 00000000 00000000 00000000
00000000 00000000 11110000 00111111
00000000 00000000 00000000 00000000
00000000 00000000 01001000 01000000
00000000 00000000 00000000 00000000
00000000 00000000 01000010 01000000
00000000 00000000 00000000 00000000
00000000 00000000 11110000 00111111
00000000 00000000 00000000 00000000
00000000 00000000 01001000 11000000
00000000 00000000 00000000 00000000
00000000 00000000 01000010 01000000
00000000 00000000 00000000 00000000
00000000 00000000 11110000 00111111
00000000 00000000 00000000 00000000
00000000 00000000 00000000 00000000
00000000 00000000 00000000 00000000
00000000 00000000 01000010 11000000
00000000 00000000 00000000 00000000
00000000 00000000 11110000 00111111
00000000 00000000 00000000 00000000
00000000 00000000 01001000 01000000
00000000 00000000 00000000 00000000
00000000 00000000 00000000 00000000
00000000 00000000 00000000 00000000
00000000 00000000 11110000 00111111
00000000 00000000 00000000 00000000
00000000 00000000 00000000 00000000
00000000 00000000 00000000 00000000
00000000 00000000 01000010 01000000
00000000 00000000 00000000 00000000
00000000 00000000 11110000 00111111
00000000 00000000 00000000 00000000
00000000 00000000 01001000 11000000
00000000 00000000 00000000 00000000
00000000 00000000 00000000 00000000
00000000 00000000 00000000 00000000
00000000 00000000 11110000 00111111
00000000 00000000 00000000 00000000
00000000 00000000 00000000 00000000
00000000 00000000 00000000 00000000
00000000 00000000 00000000 00000000
00000000 00000000 00000000 00000000
00000000 00000000 11110000 00111111
00000000 00000000 00000000 00000000
00000000 00000000 01000000 01000000
00000000 00000000 00000000 00000000
00000000 00000000 00111000 01000000
00000000 00000000 00000000 00000000
00000000 00000000 11110000 00111111
00000000 00000000 00000000 00000000
00000000 00000000 01100000 01000000
00000000 00000000 00000000 00000000
00000000 00000000 00111000 01000000
00000000 00000000 00000000 00000000
00000000 00000000 11110000 00111111
00000000 00000000 00000000 00000000
00000000 00000000 01100000 01000000
00000000 00000000 00000000 00000000
00000000 00000000 01011000 01000000
00000000 00000000 00000000 00000000
00000000 00000000 11110000 00111111
00000000 00000000 00000000 00000000
00000000 00000000 01000000 01000000
00000000 00000000 00000000 00000000
00000000 00000000 01011000 01000000
00000000 00000000 00000000 00000000
00000000 00000000 11110000 00111111
00000000 00000000 00000000 00000000
00000000 00000000 01010100 01000000
00000000 00000000 00000000 00000000
00000000 00000000 00111000 01000000
00000000 00000000 00000000 00000000
00000000 00000000 11110000 00111111
00000000 00000000 00000000 00000000
00000000 00000000 01100000 01000000
00000000 00000000 00000000 00000000
00000000 00000000 01001110 01000000
00000000 00000000 00000000 00000000
00000000 00000000 11110000 00111111
00000000 00000000 00000000 00000000
00000000 00000000 01010100 01000000
00000000 00000000 00000000 00000000
00000000 00000000 01011000 01000000
00000000 00000000 00000000 00000000
00000000 00000000 11110000 00111111
00000000 00000000 00000000 00000000
00000000 00000000 01000000 01000000
00000000 00000000 00000000 00000000
00000000 00000000 01001110 01000000
00000000 00000000 00000000 00000000
00000000 00000000 11110000 00111111
00000000 00000000 00000000 00000000
00000000 00000000 01010100 01000000
00000000 00000000 00000000 00000000
00000000 00000000 01001110 01000000
00000000 00000000 00000000 00000000
00000000 00000000 11110000 00111111
00000001 00000000 00000000 00000000
00000000 00000000 00000000 00000000
00000000 00000000 00000000 00000000
00000000 00000001 00000000 00000000
00000000 00000000 00000000 00000000
00000000 00000001 00000001 00000001
00000000 00000000 00000001 00000000
00000000 00000000 00000000 00000001
00000000 00000000 00000000 00000000
00000001 00000000 00000000 00000000
00000001 00000000 00000000 00000000 ::ID
00000100 00000000 00000000 00000000 ::7?????
11010000 11111111 11111111 11111111 ::XXX??
11011100 11111111 11111111 11111111 ::YYY??
00110000 00000000 00000000 00000000 ::half_of_widthX
11011100 11111111 11111111 11111111 ::YYY??
00110000 00000000 00000000 00000000 ::half_of_widthX
00100100 00000000 00000000 00000000 ::half_of_heightY
11010000 11111111 11111111 11111111 ::XXX??
00100100 00000000 00000000 00000000 ::half_of_heightY
00001010 00000000 00000000 00000000 :: PrStyle (Teleupr = 10)/ TIStyle(стиль анал. прибора = 0)/ B(pen) / G(pen
00000000 11100010 11000110 11111111 ::R(pen) / B(brush) / G(brush)/ R(brush)
00000000 00000000 00000000 00000000 ::transcolor/transparent ХЗ
00000001 00000000 00000001 00000000 ::стиль заливки 1 / стиль линии 0 / penwidth 1 / (length_text = 0)
00000000 00000000 00000000 00000000
00000000 00000000 00000000 00000001
00001010 00000000 00000000 00000000
00000000 00000000 00000000 00001111
00000000 00000000 00000000 01010100
01101001 01101101 01100101 01110011
00100000 01001110 01100101 01110111
00100000 01010010 01101111 01101101
01100001 01101110 00000000 00000000
00000000 00000000 00000010 00000010
00000000 00000000 00000000 00000000
00000000 00000000 00000000 00000000
00000000 00000011 00000000 00000000
00000000 00000000 00000000 00000000
00000000 00000000 00000000 00000000
00000000 00000000 00000000 11110000
00111111 00000000 00000000 00000000
00000000 00000000 00000000 00000000
00000000 00000000 00000000 00000000
00000000 00000000 00000000 00000000
00000000 00000000 00000000 00000000
00000000 00000000 00000000 00000000
00000000 00000000 00000000 00000000
00000000 00000000 00000000 11110000
00111111 00000000 00000000 00000000
00000000 00000000 00000000 00000000
00000000 00000000 00000000 00000000
00000000 00000000 00000000 00000000
00000000 00000000 00000000 00000000
00000000 00000000 00000000 00000000
00000000 00000000 00000000 00000000
00000000 00000000 00000000 11110000
00111111 00000000 00000000 00000000
00000000 00000000 00000000 00000000
00000000 00000001 00000000 00000000
00000000 00000000 00000000 00000000
00000000 11110000 00111111 00000000
00000000 00000000 00000000 00000000
 BLOCK CLOSED
- - - INTER SECTION CLOSED section scheme_name: objs.1.1