- - - INTER SECTION OPENED section scheme_name: objs.1.1 section size: 791
BLOCK OPENED block size: 1 00000000  BLOCK CLOSED
BLOCK OPENED block size: 4 00001101 00000011 00000000 00000000
 BLOCK CLOSED
BLOCK OPENED block size: 781 00000000 00000000 00000000 00000000
00000000 00000000 11110000 00111111
00000000 00000000 00000000 00000000
00000000 00000000 00000000 00000000
00000000 00000000 00000000 00000000
00000000 00000000 01000010 01000000
00000000 00000000 00000000 00000000
00000000 00000000 00000000 00000000
00000000 00000000 00000000 00000000
00000000 00000000 11110000 00111111
00000000 00000000 00000000 00000000
00000000 00000000 01000100 01000000
00000000 00000000 00000000 00000000
00000000 00000000 00000000 00000000
00000000 00000000 00000000 00000000
00000000 00000000 00000000 00000000
00000000 00000000 00000000 00000000
00000000 00000000 11110000 00111111
00000000 00000000 00000000 00000000
00000000 00000000 00000000 00000000
00000000 00000000 00000000 00000000
00000000 00000000 00000000 00000000
00000000 00000000 00000001 00000000
00000000 00000000 00000000 00000000
00000000 00000000 00000000 00000000
00000000 00000000 00000000 00000000
00000000 00000000 00000000 00000000
00000000 00000000 00110100 11000000
00000000 00000000 00000000 00000000
00000000 00000000 00100000 11000000
00000000 00000000 00000000 00000000
00000000 00000000 11110000 00111111
00000000 00000000 00000000 00000000
00000000 00000000 00110100 01000000
00000000 00000000 00000000 00000000
00000000 00000000 00100000 11000000
00000000 00000000 00000000 00000000
00000000 00000000 11110000 00111111
00000000 00000000 00000000 00000000
00000000 00000000 00110100 01000000
00000000 00000000 00000000 00000000
00000000 00000000 00100000 01000000
00000000 00000000 00000000 00000000
00000000 00000000 11110000 00111111
00000000 00000000 00000000 00000000
00000000 00000000 00110100 11000000
00000000 00000000 00000000 00000000
00000000 00000000 00100000 01000000
00000000 00000000 00000000 00000000
00000000 00000000 11110000 00111111
00000000 00000000 00000000 00000000
00000000 00000000 00000000 00000000
00000000 00000000 00000000 00000000
00000000 00000000 00100000 11000000
00000000 00000000 00000000 00000000
00000000 00000000 11110000 00111111
00000000 00000000 00000000 00000000
00000000 00000000 00110100 01000000
00000000 00000000 00000000 00000000
00000000 00000000 00000000 00000000
00000000 00000000 00000000 00000000
00000000 00000000 11110000 00111111
00000000 00000000 00000000 00000000
00000000 00000000 00000000 00000000
00000000 00000000 00000000 00000000
00000000 00000000 00100000 01000000
00000000 00000000 00000000 00000000
00000000 00000000 11110000 00111111
00000000 00000000 00000000 00000000
00000000 00000000 00110100 11000000
00000000 00000000 00000000 00000000
00000000 00000000 00000000 00000000
00000000 00000000 00000000 00000000
00000000 00000000 11110000 00111111
00000000 00000000 00000000 00000000
00000000 00000000 00000000 00000000
00000000 00000000 00000000 00000000
00000000 00000000 00000000 00000000
00000000 00000000 00000000 00000000
00000000 00000000 11110000 00111111
00000000 00000000 00000000 00000000
00000000 00000000 00110000 01000000
00000000 00000000 00000000 00000000
00000000 00000000 01000000 01000000
00000000 00000000 00000000 00000000
00000000 00000000 11110000 00111111
00000000 00000000 00000000 00000000
00000000 00000000 01001100 01000000
00000000 00000000 00000000 00000000
00000000 00000000 01000000 01000000
00000000 00000000 00000000 00000000
00000000 00000000 11110000 00111111
00000000 00000000 00000000 00000000
00000000 00000000 01001100 01000000
00000000 00000000 00000000 00000000
00000000 00000000 01001000 01000000
00000000 00000000 00000000 00000000
00000000 00000000 11110000 00111111
00000000 00000000 00000000 00000000
00000000 00000000 00110000 01000000
00000000 00000000 00000000 00000000
00000000 00000000 01001000 01000000
00000000 00000000 00000000 00000000
00000000 00000000 11110000 00111111
00000000 00000000 00000000 00000000
00000000 00000000 01000010 01000000
00000000 00000000 00000000 00000000
00000000 00000000 01000000 01000000
00000000 00000000 00000000 00000000
00000000 00000000 11110000 00111111
00000000 00000000 00000000 00000000
00000000 00000000 01001100 01000000
00000000 00000000 00000000 00000000
00000000 00000000 01000100 01000000
00000000 00000000 00000000 00000000
00000000 00000000 11110000 00111111
00000000 00000000 00000000 00000000
00000000 00000000 01000010 01000000
00000000 00000000 00000000 00000000
00000000 00000000 01001000 01000000
00000000 00000000 00000000 00000000
00000000 00000000 11110000 00111111
00000000 00000000 00000000 00000000
00000000 00000000 00110000 01000000
00000000 00000000 00000000 00000000
00000000 00000000 01000100 01000000
00000000 00000000 00000000 00000000
00000000 00000000 11110000 00111111
00000000 00000000 00000000 00000000
00000000 00000000 01000010 01000000
00000000 00000000 00000000 00000000
00000000 00000000 01000100 01000000
00000000 00000000 00000000 00000000
00000000 00000000 11110000 00111111
00000001 00000000 00000000 00000000
00000000 00000000 00000000 00000000
00000000 00000000 00000000 00000000
00000000 00000001 00000000 00000000
00000000 00000000 00000000 00000000
00000000 00000001 00000001 00000001
00000000 00000000 00000001 00000000
00000000 00000000 00000000 00000001
00000000 00000000 00000000 00000000
00000001 00000000 00000000 00000000
00000001 00000000 00000000 00000000 ::ID
00000100 00000000 00000000 00000000 ::7?????
11101100 11111111 11111111 11111111 ::XXX??
11111000 11111111 11111111 11111111 ::YYY??
00010100 00000000 00000000 00000000 ::half_of_widthX
11111000 11111111 11111111 11111111 ::YYY??
00010100 00000000 00000000 00000000 ::half_of_widthX
00001000 00000000 00000000 00000000 ::half_of_heightY
11101100 11111111 11111111 11111111 ::XXX??
00001000 00000000 00000000 00000000 ::half_of_heightY
00000101 00000000 00000000 00000000 :: PrStyle (Text = 5)/ TIStyle(стиль анал. прибора = 0)/ B(pen) / G(pen)
00000000 11111111 11111111 11111111 :: R(pen) / B(brush) / G(brush)/ R(brush)
00000000 00000000 00000000 00000000 :: transcolor/transparent ХЗ
00000000 00000000 00000001 00000110 :: стиль заливки 0 / стиль линии 0 / penwidth 1 / (length_text = 5)
00000000 00000000 00000000 01101011 :: 0/0/0/k
01101111 01110011 01101000 01101011 :: o/s/h/k
01101001 00000000 00000000 00000000 :: i/0/0/0
00000000 00000001 00001010 00000000
00000000 00000000 00000001 00000000
00000000 00000110 00000000 00000000
00000000 01010100 01100001 01101000
01101111 01101101 01100001 00000000
00000000 00000000 00000000 00000000
00000000 00000001 00101001 00000000
00000000 00000000 00010000 00000000
00000000 00000000 00000011 00000000
00000000 00000000 00000000 00000000
00000000 00000000 00000000 00000000
00000000 00000000 00000000 00000000
11110000 00111111 00000000 00000000
00000000 00000000 00000000 00000000
00000000 00000000 00000000 00000000
00000000 00000000 00000000 00000000
00000000 00000000 00000000 00000000
00000000 00000000 00000000 00000000
00000000 00000000 00000000 00000000
00000000 00000000 00000000 00000000
11110000 00111111 00000000 00000000
00000000 00000000 00000000 00000000
00000000 00000000 00000000 00000000
00000000 00000000 00000000 00000000
00000000 00000000 00000000 00000000
00000000 00000000 00000000 00000000
00000000 00000000 00000000 00000000
00000000 00000000 00000000 00000000
11110000 00111111 00000000 00000000
00000000 00000000 00000000 00000000
00000000 00000000 00000001 00000000
00000000 00000000 00000000 00000000
00000000 00000000 11110000 00111111
00000000 00000000 00000000 00000000
00000000  BLOCK CLOSED
- - - INTER SECTION CLOSED section scheme_name: objs.1.1