10010110 10010110 10010110 10010110
10010110 10010110 11101110 00111111
00000000 00000000 00000000 00000000
00000000 00000000 00000000 00000000
00000000 00000000 00000000 00000000
00000000 11000000 01111010 01000000
00000000 00000000 00000000 00000000
00000000 00000000 00000000 00000000
00111001 10010100 11010111 01010000
01011110 01000011 11111001 00111111
00000000 00000000 00000000 00000000
00000000 00000000 01110100 01000000
00000000 00000000 00000000 00000000
00000000 00000000 00000000 00000000
00000000 00000000 00000000 00000000
00000000 00000000 00000000 00000000
00000000 00000000 00000000 00000000
00000000 00000000 11110000 00111111
00000000 00000000 00000000 00000000
00000000 00000000 00000000 00000000
00000000 00000000 00000000 00000000
00000000 00000000 00000000 00000000
00000000 00000000 00000000 00000000
00000000 00000000 00000000 00001011
00000000 00000000 00000000 01101000
01110101 01101001 01101000 01110101
01101001 01101000 01110101 01101000
01110101 01101001 00000000 00000000
00000000 00000000 00000000 00000000
00000000 00000000 00000000 00000000
00000000 01110001 11000000 00000000
00000000 00000000 00000000 00000000
00000000 01010011 11000000 00000000
00000000 00000000 00000000 00000000
00000000 11110000 00111111 00000000
00000000 00000000 00000000 00000000
00000000 01110001 01000000 00000000
00000000 00000000 00000000 00000000
00000000 01010011 11000000 00000000
00000000 00000000 00000000 00000000
00000000 11110000 00111111 00000000
00000000 00000000 00000000 00000000
00000000 01110001 01000000 00000000
00000000 00000000 00000000 00000000
00000000 01010011 01000000 00000000
00000000 00000000 00000000 00000000
00000000 11110000 00111111 00000000
00000000 00000000 00000000 00000000
00000000 01110001 11000000 00000000
00000000 00000000 00000000 00000000
00000000 01010011 01000000 00000000
00000000 00000000 00000000 00000000
00000000 11110000 00111111 00000000
00000000 00000000 00000000 00000000
00000000 00000000 00000000 00000000
00000000 00000000 00000000 00000000
00000000 01010011 11000000 00000000
00000000 00000000 00000000 00000000
00000000 11110000 00111111 00000000
00000000 00000000 00000000 00000000
00000000 01110001 01000000 00000000
00000000 00000000 00000000 00000000
00000000 00000000 00000000 00000000
00000000 00000000 00000000 00000000
00000000 11110000 00111111 00000000
00000000 00000000 00000000 00000000
00000000 00000000 00000000 00000000
00000000 00000000 00000000 00000000
00000000 01010011 01000000 00000000
00000000 00000000 00000000 00000000
00000000 11110000 00111111 00000000
00000000 00000000 00000000 00000000
00000000 01110001 11000000 00000000
00000000 00000000 00000000 00000000
00000000 00000000 00000000 00000000
00000000 00000000 00000000 00000000
00000000 11110000 00111111 00000000
00000000 00000000 00000000 00000000
00000000 00000000 00000000 00000000
00000000 00000000 00000000 00000000
00000000 00000000 00000000 00000000
00000000 00000000 00000000 00000000
00000000 11110000 00111111 00000000
00000000 00000000 00000000 00000000
00000000 01100101 01000000 00000000
00000000 00000000 00000000 00000000
00000000 01101001 01000000 00000000
00000000 00000000 00000000 00000000
00000000 11110000 00111111 00000000
00000000 00000000 00000000 00000000
10000000 10000101 01000000 00000000
00000000 00000000 00000000 00000000
00000000 01101001 01000000 00000000
00000000 00000000 00000000 00000000
00000000 11110000 00111111 00000000
00000000 00000000 00000000 00000000
10000000 10000101 01000000 00000000
00000000 00000000 00000000 00000000
10000000 01111011 01000000 00000000
00000000 00000000 00000000 00000000
00000000 11110000 00111111 00000000
00000000 00000000 00000000 00000000
00000000 01100101 01000000 00000000
00000000 00000000 00000000 00000000
10000000 01111011 01000000 00000000
00000000 00000000 00000000 00000000
00000000 11110000 00111111 00000000
00000000 00000000 00000000 00000000
11000000 01111010 01000000 00000000
00000000 00000000 00000000 00000000
00000000 01101001 01000000 00000000
00000000 00000000 00000000 00000000
00000000 11110000 00111111 00000000
00000000 00000000 00000000 00000000
10000000 10000101 01000000 00000000
00000000 00000000 00000000 00000000
00000000 01110100 01000000 00000000
00000000 00000000 00000000 00000000
00000000 11110000 00111111 00000000
00000000 00000000 00000000 00000000
11000000 01111010 01000000 00000000
00000000 00000000 00000000 00000000
10000000 01111011 01000000 00000000
00000000 00000000 00000000 00000000
00000000 11110000 00111111 00000000
00000000 00000000 00000000 00000000
00000000 01100101 01000000 00000000
00000000 00000000 00000000 00000000
00000000 01110100 01000000 00000000
00000000 00000000 00000000 00000000
00000000 11110000 00111111 00000000
00000000 00000000 00000000 00000000
11000000 01111010 01000000 00000000
00000000 00000000 00000000 00000000
00000000 01110100 01000000 00000000
00000000 00000000 00000000 00000000
00000000 11110000 00111111 00000001
00000000 00000000 00000000 00000000
00000000 00000000 00000000 00000000
00000000 00000000 00000000 00000000
00000001 00000000 00000000 00000000
00000000 00000000 00000000 00000000
00000001 00000001 00000001 00000000
00000000 00000001 00000000 00000000
00000000 00000000 00000001 00000000
00000000 00000000 00000000 00000001
00000000 00000000 00000000 00000001
00000000 00000000 00000000 00000100
00000000 00000000 00000000 11110000
11111110 11111111 11111111 10110100
11111111 11111111 11111111 00010000
00000001 00000000 00000000 10110100
11111111 11111111 11111111 00010000
00000001 00000000 00000000 01001100
00000000 00000000 00000000 11110000
11111110 11111111 11111111 01001100
00000000 00000000 00000000 00000111
00000000 11100010 00101011 10001010
01001111 01001111 00101111 00000000
00000000 00000000 00000000 00000001
00000001 00111110 00000000 00000000
00000000 00000000 00000000 00000000
00000000 00000000 00000000 00000000
00000000 00000000 00000000 00000000
00000000 00000000 00000000 00000000
00000000 11110000 00111111 00000000
00000000 00000000 00000000 00000000
00000000 00000000 00000000 00000000
00000000 00000000 00000000 00000000
00000000 00000000 00000000 00000000
00000000 00000000 00000000 00000000
00000000 00000000 00000000 00000000
00000000 00000000 00000000 00000000
00000000 11110000 00111111 00000000
00000000 00000000 00000000 00000000
00000000 00000000 00000000 00000000
00000000 00000000 00000000 00000000
00000000 00000000 00000000 00000000
00000000 00000000 00000000 00000000
00000000 00000000 00000000 00000000
00000000 00000000 00000000 00000000
00000000 11110000 00111111 00000000
00000000 00000000 00000000 00000000
00000000 00000000 00000000 00000001
00000000 00000000 00000000 00000000
00000000 00000000 00000000 11110000
00111111 00000000 00000000 00000000
00000000 00000000